times
(2,)
num_obs
torch.Size([2])
X
torch.Size([83, 86])
M
torch.Size([83, 86])
y
torch.Size([2, 1])
cov
torch.Size([2, 1])

times
(2, 54)
num_obs
torch.Size([2])
X
torch.Size([108, 65])
M
torch.Size([108, 65])
y
torch.Size([2])
cov
torch.Size([50, 1])


[array([ 0.,  1.,  2.,  3.,  4.,  5.,  6.,  7.,  8.,  9., 10., 11., 12.,
       13., 14., 15., 16., 17., 18., 19., 20., 21., 22., 23., 24., 25.,
       26., 27., 28., 29., 30., 31., 32., 33., 34., 35., 36., 37., 38.,
       39., 40., 41., 42., 43., 44., 45., 46., 47., 48., 49., 50., 51.,
       52., 53.], dtype=float32), array([ 0.,  1.,  2.,  3.,  4.,  5.,  6.,  7.,  8.,  9., 10., 11., 12.,
       13., 14., 15., 16., 17., 18., 19., 20., 21., 22., 23., 24., 25.,
       26., 27., 28., 29., 30., 31., 32., 33., 34., 35., 36., 37., 38.,
       39., 40., 41., 42., 43., 44., 45., 46., 47., 48., 49., 50., 51.,
       52., 53.], dtype=float32)]

[array([ 0.  ,  1.8 ,  3.  ,  4.5 ,  5.4 ,  5.4 ,  5.4 ,  6.  ,  7.62,
        8.28,  9.  ,  9.  ,  9.  ,  9.  ,  9.  , 10.5 , 12.6 , 12.6 ,
       16.2 , 16.2 , 16.2 , 16.2 , 16.2 , 16.2 , 16.2 , 21.6 , 21.9 ,
       22.5 , 23.4 , 23.4 , 23.4 , 30.6 , 34.2 , 34.2 , 34.2 , 37.8 ,
       37.8 , 37.8 , 37.98, 41.4 , 41.4 , 41.4 , 45.  , 45.  , 48.6 ,
       48.6 , 49.5 , 50.4 , 52.2 , 52.2 , 52.2 , 55.8 , 59.4 , 59.4 ,
       63.  , 63.  , 64.98, 67.14, 71.22, 73.8 , 73.8 , 73.8 , 75.  ,
       75.18, 81.  , 84.6 ], dtype=float32), array([ 0.  ,  0.  ,  0.  , 10.8 , 18.66, 21.48, 21.6 , 22.8 , 27.96,
       32.4 , 34.2 , 63.18, 63.48, 63.6 , 64.62, 67.98, 75.78],
      dtype=float32)]